image: rtabmap.pgm
resolution: 0.050000
origin: [-2.428493, -1.807354, 0.000000]
negate: 0
occupied_thresh: 0.65
free_thresh: 0.196

